2.87909	0.03333
0	0
0.03333	0
0.06666	0
0.09999	0
0.13332	0
0.16665	0
0.19998	0
0.23331	0
0.26664	0
0.29997	0
0.3333	0
0.36663	0
0.39996	0
0.43329	0
0.46662	0
0.49995	0
0.53328	0
0.56661	0
0.59994	0
0.63327	0
0.6666	0
0.69993	0
0.73326	0
0.76659	-1.52588E-07
0.79992	-1.52588E-07
0.83325	-1.52588E-07
0.86658	-1.52588E-07
0.89991	-1.52588E-07
0.93324	-1.52588E-07
0.96657	-1.52588E-07
0.9999	-1.52588E-07
1.03323	-1.52588E-07
1.06656	-1.52588E-07
1.09989	-1.52588E-07
1.13322	-1.52588E-07
1.16655	-1.52588E-07
1.19988	-1.52588E-07
1.23321	-1.52588E-07
1.26654	-1.52588E-07
1.29987	-1.52588E-07
1.3332	0
1.36653	0
1.39986	0
1.43319	0
1.46652	0
1.49985	0
1.53318	0
1.56651	0
1.59984	0
1.63317	0
1.6665	0
1.69983	0
1.73316	0
1.76649	0
1.79982	0
1.83315	0
1.86648	0
1.89981	0
1.93314	0
1.96647	0
1.9998	0
2.03313	0
2.06646	-1.52588E-07
2.09979	-1.52588E-07
2.13312	-1.52588E-07
2.16645	-1.52588E-07
2.19978	-1.52588E-07
2.23311	-1.52588E-07
2.26644	0
2.29977	0
2.3331	0
2.36643	0
2.39976	0
2.43309	0
2.46642	0
2.49975	0
2.53308	0
2.56641	0
2.59974	0
2.63307	0
2.6664	0
2.69973	0
2.73306	0
2.76639	0
2.79972	0
2.83305	0
2.86638	0
2.89971	0
2.93304	0
2.96637	0
2.9997	0
3.03303	0
3.06636	-0.00129578
3.09969	-0.010765
3.13302	-0.0274108
3.16635	-0.0488412
3.19968	-0.0726637
3.23301	-0.0964862
3.26634	-0.117917
3.29967	-0.134562
3.333	-0.144032
3.36633	-0.143932
3.39966	-0.131871
3.43299	-0.105457
3.46632	-0.0622975
3.49965	0
3.53298	0.0975595
3.56631	0.23831
3.59964	0.412349
3.63297	0.609778
3.6663	0.820694
3.69963	1.0352
3.73296	1.24339
3.76629	1.43536
3.79962	1.60122
3.83295	1.73745
3.86628	1.87483
3.89961	2.01598
3.93294	2.1574
3.96627	2.29561
3.9996	2.42709
4.03293	2.54836
4.06626	2.65592
4.09959	2.74627
4.13292	2.81591
4.16625	2.86135
4.19958	2.87909
4.23291	2.86563
4.26624	2.82613
4.29957	2.7692
4.3329	2.69651
4.36623	2.60971
4.39956	2.51048
4.43289	2.40048
4.46622	2.28138
4.49955	2.15484
4.53288	2.02253
4.56621	1.88612
4.59954	1.74727
4.63287	1.60765
4.6662	1.46893
4.69953	1.33276
4.73286	1.20083
4.76619	1.07479
4.79952	0.956307
4.83285	0.847052
4.86618	0.74869
4.89951	0.662543
4.93284	0.587199
4.96617	0.521339
4.9995	0.463875
5.03283	0.413719
5.06616	0.369783
5.09949	0.330977
5.13282	0.296215
5.16615	0.264406
5.19948	0.234462
5.23281	0.205295
5.26614	0.175816
5.29947	0.145751
5.3328	0.119122
5.36613	0.0962364
5.39946	0.0766145
5.43279	0.0597765
5.46612	0.045242
5.49945	0.0325313
5.53278	0.0211639
5.56611	0.0106602
5.59944	0.000539703
5.63277	-0.00967743
5.6661	-0.0204711
5.69943	-0.0307203
5.73276	-0.0391806
5.76609	-0.0461478
5.79942	-0.0519176
5.83275	-0.0567858
5.86608	-0.0610482
5.89941	-0.0650005
5.93274	-0.0689384
5.96607	-0.0731577
5.9994	-0.0778216
6.03273	-0.0822417
6.06606	-0.0860997
6.09939	-0.0891888
6.13272	-0.0913023
6.16605	-0.0922336
6.19938	-0.092225
6.23271	-0.0917192
6.26604	-0.0908103
6.29937	-0.0895921
6.3327	-0.0881585
6.36603	-0.0866035
6.39936	-0.0850208
6.43269	-0.0835046
6.46602	-0.0821485
6.49935	-0.0810467
6.53268	-0.0802928
6.56601	-0.0799237
6.59934	-0.0796532
6.63267	-0.0794257
6.666	-0.0792385
6.69933	-0.0790889
6.73266	-0.0789745
6.76599	-0.0788925
6.79932	-0.0788404
6.83265	-0.0788156
6.86598	-0.0788155
6.89931	-0.0788375
6.93264	-0.0788789
6.96597	-0.0789373
6.9993	-0.07901
7.03263	-0.0790943
7.06596	-0.0791878
7.09929	-0.0792878
7.13262	-0.0793916
7.16595	-0.0794968
7.19928	-0.0796006
7.23261	-0.0797006
7.26594	-0.079794
7.29927	-0.0798784
7.3326	-0.0799511
7.36593	-0.0800095
7.39926	-0.0800509
7.43259	-0.0800729
7.46592	-0.0800758
7.49925	-0.0800758
7.53258	-0.0800758
7.56591	-0.0800759
7.59924	-0.080076
7.63257	-0.080076
7.6659	-0.0800761
7.69923	-0.0800761
7.73256	-0.0800761
7.76589	-0.0800762
7.79922	-0.0800762
7.83255	-0.0800763
7.86588	-0.0800763
7.89921	-0.0800764
7.93254	-0.0800764
7.96587	-0.0800764
7.9992	-0.0800765
8.03253	-0.0800765
8.06586	-0.0800765
8.09919	-0.0800765
8.13252	-0.0800766
8.16585	-0.0800766
8.19918	-0.0800766
8.23251	-0.0800766
8.26584	-0.0800765
8.29917	-0.0800765
8.3325	-0.0800765
8.36583	-0.0800765
8.39916	-0.0800764
8.43249	-0.0800764
8.46582	-0.0800764
8.49915	-0.0800764
8.53248	-0.0800763
8.56581	-0.0800763
8.59914	-0.0800762
8.63247	-0.0800762
8.6658	-0.0800761
8.69913	-0.0800761
8.73246	-0.0800761
8.76579	-0.080076
8.79912	-0.080076
8.83245	-0.0800759
8.86578	-0.0800758
8.89911	-0.0800758
8.93244	-0.0800758
8.96577	-0.0800757
8.9991	-0.0800756
9.03243	-0.0800756
9.06576	-0.0800755
9.09909	-0.0800755
9.13242	-0.0800754
9.16575	-0.0800753
9.19908	-0.0800752
9.23241	-0.0800752
9.26574	-0.0800751
9.29907	-0.0800751
9.3324	-0.080075
9.36573	-0.0800749
9.39906	-0.0800748
9.43239	-0.0800748
9.46572	-0.0800747
9.49905	-0.0800746
9.53238	-0.0800746
9.56571	-0.0800745
9.59904	-0.0800744
9.63237	-0.0800744
9.6657	-0.0800743
9.69903	-0.0800742
9.73236	-0.080074
9.76569	-0.0800739
9.79902	-0.0800737
9.83235	-0.0800736
9.86568	-0.0800734
9.89901	-0.0800732
9.93234	-0.0800731
9.96567	-0.0800729
9.999	-0.0800729
10.0323	-0.0800728
10.0657	-0.0800727
10.099	-0.0800726
10.1323	-0.0800726
10.1657	-0.0800726
10.199	-0.0800725
10.2323	-0.0800725
10.2656	-0.0800724
10.299	-0.0800724
10.3323	-0.0800724
10.3656	-0.0800723
10.399	-0.0800723
10.4323	-0.0800723
10.4656	-0.0800723
10.499	-0.0800722
10.5323	-0.0800722
10.5656	-0.0800721
10.5989	-0.0800721
10.6323	-0.080072
10.6656	-0.0800719
